70,74,68,75,76,83 1
70,74,68,75,76,83 1
70,74,68,75,83,76 1
74,70,75,68,76,83 1
71,72,70,74,68,75 1
72,70,74,68,75,83 1
70,72,68,74,75,83 1
70,72,68,74,83,75,76 1
70,72,68,74,75,83 1
70,72,68,74,75,83,76 1
70,71,68,72,74,83,75 1
71,72,70,74,68,75,83,76 1
70,71,68,72,83,74,75,65 1
70,71,68,72,74,83,75 1
86,66,67,78,88,77,90 1
86,66,67,78,88,77,90 1
86,66,67,78,88,90,77 1
67,66,78,88,77,90 1
86,66,67,78,88,77,90 1
86,66,67,78,88,77,90 1
86,66,67,88,78,90,77 1
86,67,66,88,78,90,77 1
86,66,67,78,88,77,90 1
84,82,89,69,85,73,87 1
84,82,89,69,85,87,73 1
84,82,89,69,85,87,73,81,79 1
89,82,69,85,73,87,79 1
84,89,82,85,69,73,79,87 1
82,89,69,85,87,73,79 1
82,89,85,69,73,87,79 1
89,82,69,85,73,87,79,81 1
84,89,82,69,85,73,87,79 1
82,89,69,85,73,87,79 1
89,82,85,69,73,87,79,81 1
84,89,82,85,69,73 1
86,67,66,88,78,77 1
70,71,68,72,83,74,75,65 1
84,82,89,69,85,87,73 1
70,74,68,75,83 1
70,71,68,72,74,76,83,75,65 1
71,70,72,68,74,75,83 1
71,68,72,83,74,65,75,76 1
86,67,66,78,88,77,90 1
70,71,68,72,74,83,75,65,76 1
86,67,66,88,78,77,90 1
84,82,89,69,85,87,73,79,81 1
82,84,69,89,87,85,73,81,79 1
89,82,85,69,73,87,79,80 1
84,82,69,89,87,85,73,81 1
89,84,82,85,73,69,79,87,80,81 1
86,67,66,88,78,90,77 1
68,71,83,72,74,65,75 1
82,84,69,89,87,85,73,79 1
68,71,72,83,74,65,75,76 1
84,82,89,69,85,87,73,79,81,80 1
71,68,72,83,74,75,65 1
70,71,68,72,74,83 1
86,67,66,88,78 1
70,68,71,83,72,74 1
70,71,68,72,83,74,75 1
71,70,68,72,74,83,75 1
71,83,72,65,74,75,76 1
70,68,71,83,72,65,74,75 1
71,70,72,68,74,83,75,76 1
82,84,89,69,85,87,73,79 1
71,70,68,72,83,74,75,76 1
86,67,66,88,78,77 1
84,89,82,85,69,73,79,87 1
84,89,82,85,69,73,87,79 1
70,71,72,74 1
84,69,87,89,85,73 1
84,89,82,69,85,73,79,87 1
82,89,69,85,87,73,79 1
69,84,87,89,81,85,73,79 1
89,82,69,85,73,87,79,80 1
70,71,68,72,83,74,75,76 1
66,67,88,90 1
70,71,68,72,83,74,65,75,76 1
82,89,69,85,73,79 1
89,82,69,85,73,87,79 1
89,82,85,69,73,79,87 1
89,82,85,69,73,87,79 1
84,82,89,69,85,87,73,79 1
70,71,68,72,83,74,75 1
86,67,66,78,88,77,90 1
70,71,68,72,83,74,75 1
84,82,89,69,85,73,87,79 1
70,71,68,72,83,74,75 1
67,86,66,88,78,77 1
70,71,68,72,83,74,75 1
82,84,69,89,87,85,73,79 1
84,89,85,82,73,79,69,80 1
68,70,83,71,72,65,74 1
67,86,88,66,78,90,77 1
82,84,89,69,85,73,87 1
86,67,88,66,78,90,77 1
71,68,72,83,74,65,75 1
82,89,85,69,73,79,87 1
85,72,86 -1
82,71,72,78 -1
88,70,89,85 -1
69,82,84,72,78 -1
67,86,71,72,85,73 -1
82,84,72 -1
69,82,71,72 -1
68,70,89,85,73 -1
83,68,70,74 -1
78,74,73,79 -1
83,88,67 -1
86,71,72,85,73 -1
69,82,84,71,72,78 -1
68,82,84,89,85,73 -1
82,84,89,74 -1
87,69,82,84,89,74 -1
67,71,85,73 -1
88,70,89,85,73,79 -1
82,84,72,74,77 -1
88,68,70,89,85,73,79 -1
82,84,72,74,77 -1
67,71,72,85,73,79 -1
87,69,68,70,66 -1
88,70,71,72,85 -1
73,74,77 -1
79,73,72 -1
69,70,69,70,71,72 -1
83,69,82,70,71,72,74 -1
67,70,89,85,75 -1
69,82,84,89,72,66,78 -1
88,68,84,72,74 -1
84,89,85,72,71,67,88 -1
87,83,68,70,71,72,74 -1
73,85,89,84,82,68,67 -1
70,71,85,73 -1
83,70,68,71,70,72 -1
72,70,83,68 -1
83,66,72,74,73,85 -1
87,69,85,72 -1
66,67,72,85,73 -1
88,67,70,71,89,85 -1
82,84,72 -1
87,69,82,84,89 -1
79,73,85,71 -1
68,82,84,89,72 -1
88,67,86,66,72,85 -1
80,79,73,85,89,71 -1
81,87,83,67,86 -1
67,89,85,73 -1
79,73,85,89,84,70 -1
69,82,84,89,72,78 -1
81,83,67,86,66 -1
67,70,89,85 -1
79,73,85,89,84 -1
75,74,72,86 -1
83,82,84,89,85 -1
90,88,67,71,89,85 -1
73,85,89,84,82,68 -1
90,83,82,84,89,74 -1
67,71,72 -1
73,85,89,71 -1
69,82,84,72 -1
83,69,82,84,89,85,73 -1
69,68,70,71,72,74,75 -1
88,70,89,85,73 -1
78,72,82,69 -1
65,83,68,70,71,85,73 -1
70,74,68,75,76,83 1
70,74,68,75,76,83 1
70,74,68,75,83,76 1
74,70,75,68,76,83 1
71,72,70,74,68,75 1
72,70,74,68,75,83 1
70,72,68,74,75,83 1
70,72,68,74,83,75,76 1
70,72,68,74,75,83 1
70,72,68,74,75,83,76 1
70,71,68,72,74,83,75 1
71,72,70,74,68,75,83,76 1
70,71,68,72,83,74,75,65 1
70,71,68,72,74,83,75 1
86,66,67,78,88,77,90 1
86,66,67,78,88,77,90 1
86,66,67,78,88,90,77 1
67,66,78,88,77,90 1
86,66,67,78,88,77,90 1
86,66,67,78,88,77,90 1
86,66,67,88,78,90,77 1
86,67,66,88,78,90,77 1
86,66,67,78,88,77,90 1
84,82,89,69,85,73,87 1
84,82,89,69,85,87,73 1
84,82,89,69,85,87,73,81,79 1
89,82,69,85,73,87,79 1
84,89,82,85,69,73,79,87 1
82,89,69,85,87,73,79 1
82,89,85,69,73,87,79 1
89,82,69,85,73,87,79,81 1
84,89,82,69,85,73,87,79 1
82,89,69,85,73,87,79 1
89,82,85,69,73,87,79,81 1
84,89,82,85,69,73 1
86,67,66,88,78,77 1
70,71,68,72,83,74,75,65 1
84,82,89,69,85,87,73 1
70,74,68,75,83 1
70,71,68,72,74,76,83,75,65 1
71,70,72,68,74,75,83 1
71,68,72,83,74,65,75,76 1
86,67,66,78,88,77,90 1
70,71,68,72,74,83,75,65,76 1
86,67,66,88,78,77,90 1
84,82,89,69,85,87,73,79,81 1
82,84,69,89,87,85,73,81,79 1
89,82,85,69,73,87,79,80 1
84,82,69,89,87,85,73,81 1
89,84,82,85,73,69,79,87,80,81 1
85,72,86 0
82,71,72,78 0
88,70,89,85 0
69,82,84,72,78 0
67,86,71,72,85,73 0
82,84,72 0
69,82,71,72 0
68,70,89,85,73 0
83,68,70,74 0
78,74,73,79 0
83,88,67 0
86,71,72,85,73 0
69,82,84,71,72,78 0
68,82,84,89,85,73 0
82,84,89,74 0
87,69,82,84,89,74 0
67,71,85,73 0
88,70,89,85,73,79 0
82,84,72,74,77 0
88,68,70,89,85,73,79 0
82,84,72,74,77 0
67,71,72,85,73,79 0
87,69,68,70,66 0
88,70,71,72,85 0
73,74,77 0
79,73,72 0
69,70,69,70,71,72 0
83,69,82,70,71,72,74 0
67,70,89,85,75 0
69,82,84,89,72,66,78 0
88,68,84,72,74 0
84,89,85,72,71,67,88 0
87,83,68,70,71,72,74 0
73,85,89,84,82,68,67 0
70,71,85,73 0
83,70,68,71,70,72 0
72,70,83,68 0
83,66,72,74,73,85 0
87,69,85,72 0
66,67,72,85,73 0
88,67,70,71,89,85 0
82,84,72 0
87,69,82,84,89 0
79,73,85,71 0
68,82,84,89,72 0
88,67,86,66,72,85 0
80,79,73,85,89,71 0
81,87,83,67,86 0
67,89,85,73 0
79,73,85,89,84,70 0
69,82,84,89,72,78 0
81,83,67,86,66 0
67,70,89,85 0
79,73,85,89,84 0
75,74,72,86 0
83,82,84,89,85 0
90,88,67,71,89,85 0
73,85,89,84,82,68 0
90,83,82,84,89,74 0
67,71,72 0
73,85,89,71 0
69,82,84,72 0
83,69,82,84,89,85,73 0
67,70,71,89,85,73,79 0
79,73,85,89,84,68 0
87,68,70,71,72,74 0
88,67,71,72,85,73 0
68,84,89,85,73 0
82,68,70,84,71,72 0
71,86,72,85 0
84,88,82,70,85,89,71,75 0
73,74,73,85,72 0
86,71,72,74 0
88,67,70,71 0
73,85,89,70 0
69,68,70,71,72,74,75 0
88,70,89,85,73 0
78,72,82,69 0
65,83,68,70,71,85,73 0
67,71,85,73 0
68,70,71,72,78 0
68,70,71,72,74 0
89,85,73,79 0
79,73,72,71 0
82,71,72,78 0
88,70,89,85,73 0
85,89,71,70,67 0
69,70,71,72 0
72,71,70,82,70,71,72,78 0
67,70,71,72,85 0
85,73,71,89,85,70 0
69,90,82,84,88,71,70,75 0
72,71,68,86 0
65,83,72,67,75 0
81,86,69,66,73,67,75 0
81,88,71,75 0
83,68,65,66,72,86,73,79,90 0
87,69,73,85,82,68,65,67,83,66 0
90,85,86,67,68,71,75,83 0
83,68,74,73,86,72,83 0
87,81,70,66,85,67,79,87 0
66,68,72,85,67,65 0
66,83,65,70 0
69,70,66,73,87,85,79 0
83,68,65,85,72,73,67,71 0
87,85,68,86,73,89 0
86,66,73,69,85,79 0
66,70,72,74,87,65 0
83,66,74,75,65,68,86 0
81,66,85,70,87 0
65,66,73,85 0
66,88,73,85,69,79 0
65,66,86,73,79 0
65,66,83,86,73,68,71,72,83 0
66,74,83,67,71,73,85 0
72,70,73,69,65 0
83,68,73,65,67,79 0
66,73,85,70,65 0
66,65,73,86,83,79,65 0
66,67,85,65,85,73 0
66,87,73,83,86,66,73,68 0
86,68,83,66,65,73,67,79 0
66,65,72,67,79,69,73 0
70,74,68,75,76,83 1
70,74,68,75,76,83 1
70,74,68,75,83,76 1
74,70,75,68,76,83 1
71,72,70,74,68,75 1
72,70,74,68,75,83 1
70,72,68,74,75,83 1
70,72,68,74,83,75,76 1
70,72,68,74,75,83 1
70,72,68,74,75,83,76 1
70,71,68,72,74,83,75 1
71,72,70,74,68,75,83,76 1
70,71,68,72,83,74,75,65 1
70,71,68,72,74,83,75 1
86,66,67,78,88,77,90 1
86,66,67,78,88,77,90 1
86,66,67,78,88,90,77 1
67,66,78,88,77,90 1
86,66,67,78,88,77,90 1
86,66,67,78,88,77,90 1
86,66,67,88,78,90,77 1
86,67,66,88,78,90,77 1
86,66,67,78,88,77,90 1
84,82,89,69,85,73,87 1
84,82,89,69,85,87,73 1
84,82,89,69,85,87,73,81,79 1
89,82,69,85,73,87,79 1
84,89,82,85,69,73,79,87 1
82,89,69,85,87,73,79 1
82,89,85,69,73,87,79 1
89,82,69,85,73,87,79,81 1
84,89,82,69,85,73,87,79 1
82,89,69,85,73,87,79 1
89,82,85,69,73,87,79,81 1
84,89,82,85,69,73 1
86,67,66,88,78,77 1
70,71,68,72,83,74,75,65 1
84,82,89,69,85,87,73 1
70,74,68,75,83 1
70,71,68,72,74,76,83,75,65 1
71,70,72,68,74,75,83 1
71,68,72,83,74,65,75,76 1
86,67,66,78,88,77,90 1
70,71,68,72,74,83,75,65,76 1
86,67,66,88,78,77,90 1
84,82,89,69,85,87,73,79,81 1
82,84,69,89,87,85,73,81,79 1
89,82,85,69,73,87,79,80 1
84,82,69,89,87,85,73,81 1
89,84,82,85,73,69,79,87,80,81 1
86,67,66,88,78,90,77 1
68,71,83,72,74,65,75 1
82,84,69,89,87,85,73,79 1
68,71,72,83,74,65,75,76 1
84,82,89,69,85,87,73,79,81,80 1
71,68,72,83,74,75,65 1
70,71,68,72,74,83 1
86,67,66,88,78 1
70,68,71,83,72,74 1
70,71,68,72,83,74,75 1
71,70,68,72,74,83,75 1
71,83,72,65,74,75,76 1
70,68,71,83,72,65,74,75 1
71,70,72,68,74,83,75,76 1
82,84,89,69,85,87,73,79 1
71,70,68,72,83,74,75,76 1
86,67,66,88,78,77 1
84,89,82,85,69,73,79,87 1
84,89,82,85,69,73,87,79 1
70,71,72,74 1
84,69,87,89,85,73 1
84,89,82,69,85,73,79,87 1
82,89,69,85,87,73,79 1
69,84,87,89,81,85,73,79 1
89,82,69,85,73,87,79,80 1
70,71,68,72,83,74,75,76 1
66,67,88,90 1
70,71,68,72,83,74,65,75,76 1
82,89,69,85,73,79 1
89,82,69,85,73,87,79 1
89,82,85,69,73,79,87 1
89,82,85,69,73,87,79 1
84,82,89,69,85,87,73,79 1
70,71,68,72,83,74,75 1
86,67,66,78,88,77,90 1
70,71,68,72,83,74,75 1
84,82,89,69,85,73,87,79 1
70,71,68,72,83,74,75 1
67,86,66,88,78,77 1
70,71,68,72,83,74,75 1
82,84,69,89,87,85,73,79 1
84,89,85,82,73,79,69,80 1
68,70,83,71,72,65,74 1
67,86,88,66,78,90,77 1
82,84,89,69,85,73,87 1
86,67,88,66,78,90,77 1
71,68,72,83,74,65,75 1
82,89,85,69,73,79,87 1
84,82,89,69,85,73,87 1
84,89,82,69,85,73,87 1
89,84,85,73,82,79,69,80 1
69,84,87,89,85,81,73,79 1
89,85,73,84,82,79,80,69,87 1
82,87,84,89,85,81,73,79 1
89,85,84,73,82,79,69,80 1
84,82,69,89,85,87,73,81,79 1
89,82,85,69,73,87,79,80,87 1
89,84,85,73,82,79,80,69 1
82,85,69,73,79,87,80 1
85,87,73,79,80,81 1
82,89,85,69,73,87,79 1
85,82,69,73,79,87,80 1
89,87,85,81,73,79 1
71,70,72,68,74,75,83,76 1
70,83,71,72,65,74 1
71,72,70,74,68,75,83,76 1
68,71,83,72,74,65,75 1
72,70,68,74,75,83,76 1
72,70,68,74,75,83,76 1
74,68,83,75,76,65 1
70,72,68,74,75,83,76,65 1
71,70,72,68,74,75 1
71,70,68,72,74,83,75,65 1
70,72,68,74,75,83,76 1
86,66,67,78,77,88 1
67,66,88,78,90,77 1
67,66,78,88,77,88 1
86,67,66,88,78,77 1
66,90,78,77 1
66,67,78,88,77 1
67,66,88,78,90,77 1
66,67,78,88,77 1
66,67,78,88,90,77 1
67,66,88,78,77 1
86,66,67,78,88,77,90 1
86,67,66,88,78,90 1
86,66,67,78,88,77,90 1
66,88,78,90,77 1
86,67,88,66,78,90,77 1
67,66,88,78,90,77 1
86,66,67,78,88,77 1
89,82,69,85,73,87 1
84,82,85,69,73,79,87 1
85,84,73,82,79,69,80 1
72,70,68,74,75,83,76 1
89,69,85,87,73,81,79,80 1
85,69,87,73,79,81 1
68,72,83,74,75 1
72,70,68,74,75,83,76,83 1
85,82,69,73,79,87,80 1
68,72,83,74,75 1
82,89,85,69,73,87,79 1
68,72,83,74,65,75 1
89,82,85,69,73,79,87 1
70,68,72,74,83,75 1
67,66,88,78,77 1
67,86,66,88,78,77 1
82,89,69,85,73 1
71,68,72,83,74 1
84,89,82,85,73,69,79 1
67,66,78,88,77 1
85,84,82,73,69,79 1
70,71,68,72,83,74 1
82,84,69,89,85,87,73 1
85,84,82,73,69,79 1
67,88,72,74,90 1
70,68,72,74,83,75 1
84,89,85,82,73,69,79,87 1
71,68,72,83,74,65,75 1
82,89,69,85,87,73,79 1
72,70,74,68,75 1
85,89,73,84,79,82,80 1
